41.06
40.52
41.74
41.04
41.50
43.03
43.67
44.39
45.28
46.55
47.66
46.85
44.52
45.55
46.05
46.03
45.38
45.95
47.52
49.40
51.09
53.08
51.44
50.01
49.98
49.56
50.91
50.37
50.90
50.78
49.47
49.99
49.66
50.75
50.36
50.75
50.29
49.54
48.15
48.36
46.46
44.51
42.31
42.99
41.78
41.74
41.79
41.46
41.52
41.66
40.93
42.23
43.04
44.06
43.24
43.58
43.92
45.02
44.61
44.65
43.91
43.79
43.80
44.14
46.47
47.10
45.87
43.76
43.57
42.99
43.54
43.59
43.09
43.94
43.92
39.33
39.28
38.63
39.71
40.36
42.04
42.46
43.30
42.80
42.89
43.19
43.36
44.96
44.93
44.51
44.31
44.08
45.25
45.05
45.67
44.10
44.45
46.00
45.90
45.70
46.12
46.96
46.00
45.44
45.16
46.12
46.01
45.23
45.82
45.13
44.98
45.12
45.12
44.72
44.65
44.70
45.00
44.59
44.97
44.52
44.19
44.00
43.04
42.27
42.40
40.15
39.56
40.57
40.34
39.47
38.89
39.66
39.21
39.28
40.08
41.08
41.27
40.93
41.04
41.29
41.49
41.80
41.16
41.25
40.14
40.81
42.74
42.28
41.69
40.20
39.32
40.19
40.02
40.30
40.05
39.30
38.79
39.82
40.71
39.82
40.02
40.55
40.47
40.45
40.80
39.99
39.55
38.16
37.60
37.48
38.11
38.64
38.99
38.01
37.07
37.71
36.29
36.75
36.79
37.73
37.00
36.90
38.23
38.63
39.33
39.22
37.91
37.88
36.38
36.29
37.36
37.17
38.63
38.46
38.44
38.49
39.63
39.74
39.52
40.50
40.55
41.76
41.54
41.69
42.67
43.91
43.95
42.94
42.74
43.40
45.40
45.35
45.80
46.26
45.97
45.95
45.92
47.55
47.12
47.67
48.75
48.95
49.78
50.92
50.89
50.50
50.59
50.13
50.39
49.85
50.31
50.27
51.55
51.50
52.42
53.84
53.85
56.12
56.20
55.95
53.79
54.45
55.48
54.70
51.20
51.40
49.25
50.00
50.00
50.10
50.31
50.24
49.72
49.37
48.98
48.74
49.23
51.60
51.15
52.41
52.30
52.38
50.14
51.00
50.96
52.63
54.04
55.49
55.48
55.58
55.66
59.70
60.74
59.00
59.74
60.51
62.48
61.74
59.37
60.80
60.29
60.05
61.10
60.50
61.12
61.61
62.76
62.03
61.73
62.81
64.57
63.78
62.20
59.09
61.67
61.44
64.25
65.04
64.62
64.96
63.18
63.40
61.22
62.61
62.17
62.07
60.77
62.04
63.37
65.03
67.02
68.20
68.07
67.97
69.46
70.57
71.93
74.00
71.46
71.80
75.19
76.13
75.07
74.28
73.96
74.45
75.28
76.52
76.69
75.50
72.47
74.25
72.15
72.32
70.52
65.42
61.77
62.64
63.21
65.44
65.90
64.68
65.56
63.91
65.65
65.05
65.98
65.68
68.50
67.92
68.77
66.89
67.01
64.69
63.91
65.18
69.42
71.38
71.03
73.04
72.71
71.08
71.57
72.76
72.47
72.58
70.38
69.49
67.57
68.27
70.55
70.59
69.61
69.13
69.47
70.64
71.18
71.08
69.92
68.91
70.12
68.68
72.74
72.55
73.25
75.53
75.96
77.00
75.02
74.78
73.30
70.22
69.00
69.05
68.19
67.92
68.22
68.31
69.63
71.00
71.07
71.38
68.59
71.12
70.92
71.14
71.11
70.12
71.15
71.93
70.36
69.02
67.40
67.47
65.17
65.23
64.17
64.02
66.31
64.22
59.85
61.22
60.56
61.21
60.88
60.60
60.60
63.08
61.74
62.26
62.50
63.01
61.75
63.56
62.52
63.11
63.36
63.51
61.51
61.77
61.31
61.04
60.74
62.65
62.25
63.03
65.78
68.21
67.81
67.58
68.69
67.77
66.22
65.80
66.33
65.04
63.46
62.33
63.07
62.27
64.11
63.45
62.92
63.32
67.28
66.74
66.96
67.59
67.24
68.01
69.43
68.91
70.00
70.31
70.56
69.18
67.53
68.57
69.91
69.16
70.86
69.85
68.75
66.63
66.79
69.00
63.05
62.08
63.15
64.73
64.46
66.81
67.10
66.95
66.66
69.23
70.41
71.48
70.20
68.61
66.19
67.02
66.67
65.64
66.46
65.82
65.43
69.10
68.37
65.33
65.12
64.27
62.71
62.11
63.31
61.82
60.31
60.84
55.84
51.56
53.23
50.50
53.51
57.39
61.14
59.86
57.93
60.94
60.19
58.82
60.07
58.24
57.54
58.67
60.02
58.05
56.67
56.69
56.14
57.10
58.82
58.78
59.98
60.23
56.89
58.82
60.55
60.39
61.37
61.00
60.21
58.39
56.84
57.30
56.91
55.36
56.90
55.00
55.81
55.57
55.77
56.75
58.34
56.95
58.36
59.35
58.23
63.90
63.22
63.53
66.42
68.55
68.96
71.54
71.63
74.17
70.51
72.44
69.50
66.73
66.60
68.40
68.90
69.99
68.59
67.01
62.17
61.83
61.78
63.70
64.49
63.79
63.34
63.77
62.02
64.54
64.77
64.05
62.72
60.64
59.49
61.75
61.33
59.44
58.03
59.63
60.17
69.91
69.63
68.40
75.91
74.07
70.49
71.10
71.28
69.53
67.74
67.09
61.10
61.69
64.38
64.33
64.02
64.56
63.85
62.37
61.00
60.63
60.33
57.79
56.15
56.19
52.65
57.10
55.89
58.11
57.89
59.04
58.97
56.99
59.80
59.67
59.82
59.94
60.20
61.92
61.50
52.95
62.14
60.20
58.96
56.37
52.39
50.11
52.56
51.38
50.45
51.76
51.92
55.32
54.36
52.78
52.00
52.19
58.83
57.70
62.97
66.18
66.97
65.98
67.46
68.86
69.28
68.28
68.21
69.63
70.28
70.10
66.26
67.75
68.80
69.69
70.86
70.69
69.50
67.64
65.17
69.20
68.78
69.57
68.23
70.10
71.70
71.94
72.61
71.59
73.03
73.35
73.32
75.36
73.14
69.68
67.41
66.59
63.08
63.95
59.08
65.22
63.23
66.77
66.56
62.02
60.07
63.54
66.99
67.07
67.71
68.99
69.45
66.88
68.89
69.21
69.46
60.45
59.78
57.52
58.30
59.41
59.28
59.49
61.75
61.40
62.44
62.58
64.27
63.44
61.50
61.16
62.57
62.36
61.63
60.75
61.58
61.13
60.51
58.25
58.94
59.75
59.57
62.95
63.98
58.96
57.07
55.31
55.25
55.32
56.83
58.18
56.67
57.79
57.99
55.09
53.90
53.49
54.72
54.80
52.91
52.08
53.55
54.97
55.72
55.97
57.84
57.18
58.36
53.56
54.99
54.64
54.46
55.21
53.68
53.54
53.28
54.67
54.25
54.65
52.55
52.78
51.73
49.53
47.03
48.29
47.74
46.80
48.82
51.01
51.07
49.41
48.97
48.40
47.90
45.40
46.46
46.39
45.67
42.21
41.07
41.02
38.55
39.10
38.13
37.74
37.97
37.64
37.03
35.79
38.72
39.32
41.19
40.90
42.58
43.42
41.85
42.78
42.98
45.01
44.95
45.29
43.92
44.37
44.73
43.95
43.85
44.57
44.69
45.43
44.91
46.98
46.62
46.07
46.01
47.78
47.72
49.02
50.70
50.48
50.97
50.71
51.64
51.14
52.03
52.98
45.76
45.61
47.15
48.45
48.32
46.77
46.87
45.66
46.15
46.68
47.66
47.00
45.80
47.00
43.92
43.13
43.99
45.37
45.17
44.17
44.43
42.28
43.00
42.82
43.12
44.34
45.12
45.00
44.14
45.92
45.49
46.36
47.11
49.42
49.17
49.04
48.56
48.96
48.70
49.32
48.12
48.25
44.64
45.74
48.51
48.43
48.17
48.94
48.63
46.61
46.29
47.54
48.01
48.91
48.95
49.58
51.39
51.58
51.95
52.39
51.39
50.70
51.12
50.94
59.94
65.63
65.54
63.24
63.00
62.98
62.66
63.49
63.44
65.32
67.11
67.43
69.02
69.99
69.22
69.87
70.43
70.00
71.90
70.44
70.97
66.61
67.27
65.78
66.26
65.99
66.97
67.24
66.61
66.07
67.18
67.91
69.77
70.54
71.94
71.68
76.30
75.80
78.63
80.81
81.12
83.84
85.05
86.19
86.08
82.94
83.67
86.05
88.60
90.31
93.81
98.43
96.27
95.63
104.97
107.58
103.70
102.70
102.10
109.44
113.91
114.44
112.96
111.60
113.38
116.20
128.16
130.11
156.00
177.41
146.94
149.79
149.61
154.26
154.88
153.46
160.80
160.01
171.68
183.48
179.88
180.20
166.76
159.98
155.76
135.80
133.60
148.72
149.10
149.90
144.91
140.70
121.60
129.07
126.85
112.11
109.32
89.01
86.04
72.24
85.53
85.51
86.86
101.00
107.85
105.63
102.87
100.43
104.80
96.31
90.89
96.00
103.25
109.09
109.77
114.60
130.19
141.98
145.97
149.04
150.78
149.27
137.34
146.42
141.13
145.03
159.75
153.82
160.10
156.38
140.26
152.24
153.64
156.52
156.01
163.88
162.26
161.88
158.19
160.67
159.83
162.73
161.60
163.11
165.52
163.38
163.77
164.05
161.16
167.00
179.62
176.31
176.59
172.88
177.13
189.98
188.13
205.01
194.57
187.06
198.18
196.43
198.36
200.79
200.18
198.86
200.36
192.17
197.20
191.95
201.87
215.96
223.93
241.73
274.32
277.97
273.18
278.86
308.93
299.41
303.36
309.20
300.13
300.17
328.60
313.67
318.47
302.61
283.40
307.92
295.30
299.82
297.50
286.15
297.00
297.40
297.00
297.92
290.54
283.71
274.88
310.95
324.20
330.14
367.13
377.42
375.71
400.37
410.00
402.84
404.67
430.63
447.75
442.68
498.32
475.05
447.37
407.00
418.32
330.21
366.28
371.34
372.72
419.62
449.76
441.76
423.43
442.15
449.39
424.23
380.36
387.79
407.34
421.20
419.07
429.01
448.16
415.09
425.68
413.98
425.30
425.92
434.00
442.30
446.65
461.30
448.88
439.67
430.83
421.94
422.64
425.79
420.63
420.28
424.68
406.02
410.83
388.04
400.51
423.90
420.98
438.09
429.95
421.26
410.36
417.13
411.76
408.50
408.09
441.61
486.64
499.27
489.61
521.85
555.38
574.00
585.76
567.60
584.76
568.82
593.38
599.04
641.76
649.88
604.48
627.07
609.99
639.83
633.25
622.77
655.90
695.00
649.86
640.34
645.98
661.77
663.69
665.99
694.78
705.67
729.77
735.11
755.98
816.04
880.02
811.19
849.44
854.41
845.00
826.16
844.55
850.45
844.99
846.64
880.80
883.09
864.16
835.43
793.53
839.81
872.79
854.69
849.99
852.23